case, r_max, f_dsc,   v_sum, v_max,  d_cycle,  g_avg, v_x_g_sum,  n_max1,  n_max2,  n_max3,   n_max, v_max_c, v_max_v, g_v_max,  n_min1, n_min12, n_min2d,  n_min2,  n_min3
   1, 0.428, 0.000, 83758.6, 131.3,  23266.3, 3.7882,  404441.0, 4379.75, 2356.84, 3773.09, 4379.75,   131.3,   210.2,       6,  800.00,  920.00,  800.00,  720.00, 1200.00
   2, 0.361, 0.000, 83758.6, 131.3,  23266.3, 3.8460,  406807.5, 6913.01, 2882.04, 4980.45, 6913.01,   131.3,   226.9,       5,  700.00,  805.00,  700.00,  630.00, 1238.00
   3, 0.370, 0.000, 83758.6, 131.3,  23266.3, 3.9211,  416219.6, 6685.48, 3222.10, 5173.03, 6685.48,   131.3,   210.8,       5,  800.00,  920.00,  800.00,  720.00, 1250.00
   4, 0.472, 0.000, 83758.6, 131.3,  23266.3, 4.0039,  418870.9, 4387.90, 2656.20, 4009.59, 4387.90,   131.3,   198.2,       6,  850.00,  977.00,  850.00,  765.00, 1244.00
   5, 0.546, 0.000, 83758.6, 131.3,  23266.3, 4.3787,  441419.1, 6076.67, 4167.46, 5579.89, 6076.67,   131.3,   175.8,       5,  750.00,  862.00,  750.00,  675.00, 1344.00
   6, 0.488, 0.000, 83758.6, 131.3,  23266.3, 3.6341,  366921.7, 6374.11, 4398.55, 6060.15, 6374.11,   131.3,   180.9,       4,  800.00,  920.00,  800.00,  720.00, 1325.00
   7, 0.888, 0.000, 83758.6, 130.4,  23228.7, 4.2015,  429855.6, 3602.57, 2781.43, 3071.52, 3602.57,   130.4,   144.0,       6,  780.00,  897.00,  780.00,  702.00, 1120.00
   8, 0.749, 0.000, 83758.6, 131.3,  23266.3, 5.0674,  478874.1, 3230.00, 4130.70, 4486.20, 4486.20,   131.3,   142.6,       6,  800.00,  920.00,  800.00,  720.00,  950.00
   9, 0.799, 0.000, 83758.6, 131.3,  23266.3, 3.8575,  377244.8, 7689.83, 6118.58, 6705.74, 7689.83,   131.3,   143.9,       4,  850.00,  977.00,  850.00,  765.00, 1556.00
  10, 0.528, 0.000, 83758.6, 131.3,  23266.3, 3.5841,  362252.0, 6911.59, 4518.03, 6396.82, 6911.59,   131.3,   185.9,       4,  750.00,  862.00,  750.00,  675.00, 1406.00
  11, 0.357, 0.000, 83758.6, 131.3,  23266.3, 4.0398,  420070.4, 4100.00, 2232.10, 3615.90, 4100.00,   131.3,   212.7,       6,  750.00,  862.00,  750.00,  675.00, 1094.00
  12, 0.426, 0.000, 83758.6, 131.3,  23266.3, 3.6579,  369438.0, 6000.04, 3545.10, 5286.60, 6000.04,   131.3,   195.8,       5,  750.00,  862.00,  750.00,  675.00, 1375.00
  13, 0.286, 0.000, 83758.6, 131.3,  23266.3, 4.1123,  425875.7, 6000.04, 2888.60, 5044.60, 6000.04,   131.3,   229.3,       6,  750.00,  862.00,  750.00,  675.00, 1344.00
  14, 0.200, 0.000, 83758.6, 131.3,  23266.3, 4.2985,  440587.6, 6450.01, 3545.10, 6461.10, 6461.10,   131.3,   239.3,       6,  700.00,  805.00,  700.00,  630.00, 1363.00
  15, 0.696, 0.000, 83758.6, 131.3,  23266.3, 3.7882,  376187.1, 6000.04, 4332.90, 5405.40, 6000.04,   131.3,   163.8,       5,  750.00,  862.00,  750.00,  675.00, 1375.00
  16, 0.403, 0.000, 83758.6, 131.3,  23266.3, 4.1123,  425875.7, 6000.04, 3676.40, 5745.60, 6000.04,   131.3,   205.2,       5,  750.00,  862.00,  750.00,  675.00, 1344.00
  17, 0.650, 0.000, 83758.6, 131.3,  23266.3, 4.2009,  431313.2, 4142.86, 3151.20, 3950.40, 4142.86,   131.3,   164.6,       5,  750.00,  862.00,  750.00,  675.00, 1125.00
  18, 0.650, 0.000, 83758.6, 131.3,  23266.3, 4.1277,  425365.3, 4142.86, 3151.20, 3950.40, 4142.86,   131.3,   164.6,       5,  750.00,  862.00,  750.00,  675.00, 1125.00
  19, 0.991, 0.000, 81536.9, 118.4,  22434.1, 4.2968,  419014.8, 5000.04, 2486.40, 2767.80, 5000.04,   118.4,   131.8,       6,  750.00,  862.00,  750.00,  675.00, 1125.00
  20, 1.018, 0.000, 81536.9, 117.4,  22387.8, 3.9756,  376937.9, 4462.50, 3639.40, 4039.30, 4462.50,   117.4,   130.3,       4,  750.00,  862.00,  750.00,  675.00, 1125.00
  21, 0.708, 0.000, 83758.6, 131.3,  23266.3, 4.1662,  426937.6, 4100.00, 2494.70, 3161.60, 4100.00,   131.3,   166.4,       6,  750.00,  862.00,  750.00,  675.00, 1094.00
  22, 0.708, 0.000, 83758.6, 131.3,  23266.3, 4.0546,  417832.1, 4100.00, 2494.70, 3161.60, 4100.00,   131.3,   166.4,       6,  750.00,  862.00,  750.00,  675.00, 1094.00
  23, 0.502, 0.000, 83758.6, 131.3,  23266.3, 6.0565,  662319.5, 4141.73, 2494.70, 3642.30, 4141.73,   131.3,   191.7,       9,  800.00,  920.00,  800.00,  720.00, 1200.00
  24, 0.984, 0.000, 81536.9, 118.8,  22448.3, 3.3673,  303912.8, 5462.36, 5108.40, 5559.90, 5559.90,   118.8,   129.3,       4,  900.00, 1035.00,  900.00,  810.00, 1413.00
  25, 0.927, 0.000, 81536.9, 120.9,  22546.0, 4.2603,  417425.1, 4141.84, 3293.32, 3843.56, 4141.84,   120.9,   141.1,       5,  800.00,  920.00,  800.00,  720.00, 1200.00
  26, 1.101, 0.000, 41139.6,  62.2,  11335.4, 3.2526,  151155.7, 3706.23, 3612.58, 3972.67, 3972.67,    62.2,    68.4,       4, 1200.00, 1380.00, 1200.00, 1080.00, 1500.00
  27, 0.668, 0.000, 41139.6,  64.4,  11427.7, 3.8821,  185820.1, 3525.00, 2559.26, 3648.13, 3648.13,    64.4,    91.8,       5,  900.00, 1035.00,  900.00,  810.00, 1213.00
  28, 0.440, 0.000, 41139.6,  64.4,  11427.7, 2.9562,  143834.8, 2990.82, 2060.80, 3366.40, 3366.40,    64.4,   105.2,       4,  850.00,  977.00,  850.00,  765.00, 1106.00
  29, 0.417, 0.000, 83758.6, 131.3,  23266.3, 3.4275,  354295.2, 4146.16, 2400.16, 3800.41, 4146.16,   131.3,   207.9,       5,  700.00,  805.00,  700.00,  630.00, 1113.00
  30, 0.131, 0.000, 83758.6, 131.3,  23266.3, 3.8357,  406946.1, 8800.00, 3596.31, 8797.67, 8800.00,   131.3,   321.2,       6,  900.00, 1035.00,  900.00,  810.00, 1850.00
  31, 0.673, 0.000, 83758.6, 131.3,  23266.3, 3.0584,  311446.6, 6257.50, 5312.40, 6566.66, 6566.66,   131.3,   162.3,       3,  850.00,  977.00,  850.00,  765.00, 1494.00
  32, 0.730, 0.000, 83758.6, 131.3,  23266.3, 3.5289,  360452.9, 6260.00, 4684.78, 5951.42, 6260.00,   131.3,   166.8,       4,  800.00,  920.00,  800.00,  720.00, 1450.00
  33, 1.198, 0.000, 83496.9, 118.8,  22641.6, 5.2028,  469540.1, 2897.44, 3682.80, 3354.20, 3682.80,   118.8,   108.2,       6,  600.00,  690.00,  600.00,  540.00,  875.00
  34, 0.502, 0.000, 83758.6, 131.3,  23266.3, 2.2843,  223841.5, 4141.73, 3019.90, 4275.70, 4275.70,   131.3,   185.9,       3,  800.00,  920.00,  800.00,  720.00, 1200.00
  35, 1.268, 0.000, 83496.9, 117.0,  22566.2, 3.8935,  372658.6, 4408.33, 3660.93, 3776.70, 4408.33,   117.0,   120.7,       4,  750.00,  862.00,  750.00,  675.00, 1094.00
  36, 0.846, 0.000, 83758.6, 131.3,  23266.3, 4.6643,  460156.7, 3619.58, 3610.75, 3968.25, 3968.25,   131.3,   144.3,       6,  800.00,  920.00,  800.00,  720.00, 1138.00
  37, 0.852, 0.000, 83758.6, 131.3,  23266.3, 3.5392,  349220.6, 6797.61, 5645.90, 6368.30, 6797.61,   131.3,   148.1,       4,  900.00, 1035.00,  900.00,  810.00, 1563.00
  38, 0.749, 0.000, 83758.6, 131.3,  23266.3, 4.1714,  397541.7, 3230.00, 4130.70, 4486.20, 4486.20,   131.3,   142.6,       5,  800.00,  920.00,  800.00,  720.00,  950.00
  39, 0.502, 0.000, 83758.6, 131.3,  23266.3, 5.2490,  584739.3, 4141.73, 2494.70, 3642.30, 4141.73,   131.3,   191.7,       8,  800.00,  920.00,  800.00,  720.00, 1200.00
  40, 0.562, 0.000, 83758.6, 131.3,  23266.3, 3.6277,  364313.3, 6400.00, 4646.71, 6012.76, 6400.00,   131.3,   169.9,       4,  700.00,  805.00,  700.00,  630.00, 1363.00
  41, 0.898, 0.000, 41139.6,  64.4,  11427.7, 3.6884,  161935.7, 5138.50, 5815.32, 5779.20, 5815.32,    64.4,    64.0,       4,  700.00,  805.00,  700.00,  630.00, 1238.00
  42, 0.428, 0.000, 83758.6, 131.3,  23266.3, 3.7747,  403114.6, 4379.75, 2356.84, 3773.09, 4379.75,   131.3,   210.2,       6,  800.00,  920.00,  800.00,  720.00, 1200.00
  43, 1.282, 0.000, 83496.9, 116.7,  22550.3, 4.9018,  456116.0, 4408.33, 3924.62, 4028.87, 4408.33,   116.7,   119.8,       6,  750.00,  862.00,  750.00,  675.00, 1094.00
  44, 1.282, 0.000, 83496.9, 116.7,  22550.3, 4.0128,  377470.4, 4408.33, 3924.62, 4028.87, 4408.33,   116.7,   119.8,       5,  750.00,  862.00,  750.00,  675.00, 1094.00
  45, 0.502, 0.000, 83758.6, 131.3,  23266.3, 4.4634,  467914.5, 4141.73, 2838.71, 4112.12, 4141.73,   131.3,   190.2,       6,  800.00,  920.00,  800.00,  720.00, 1200.00
  46, 0.782, 0.000, 83758.6, 131.3,  23266.3, 3.6380,  390484.7, 3698.10, 2494.70, 2994.40, 3698.10,   131.3,   157.6,       5,  850.00,  977.00,  850.00,  765.00, 1181.00
  47, 0.782, 0.000, 83758.6, 131.3,  23266.3, 3.9236,  413649.0, 3698.10, 2100.80, 2521.60, 3698.10,   131.3,   157.6,       6,  850.00,  977.00,  850.00,  765.00,  994.00
  48, 0.212, 0.000, 83758.6, 131.3,  23266.3, 4.1938,  432540.5, 6527.10, 3164.33, 6798.61, 6798.61,   131.3,   282.1,       6,  700.00,  805.00,  700.00,  630.00, 1338.00
  49, 0.502, 0.000, 83758.6, 131.3,  23266.3, 3.1418,  303511.1, 4141.73, 3019.90, 4275.70, 4275.70,   131.3,   185.9,       4,  800.00,  920.00,  800.00,  720.00, 1200.00
  50, 0.235, 0.000, 83758.6, 131.3,  23266.3, 3.5051,  379164.6, 4563.88, 1873.65, 3735.89, 4563.88,   131.3,   261.8,       6,  700.00,  805.00,  700.00,  630.00, 1163.00
  51, 0.927, 0.000, 81536.9, 120.9,  22546.0, 5.3455,  503829.9, 4141.84, 2683.98, 3056.94, 4141.84,   120.9,   137.7,       7,  800.00,  920.00,  800.00,  720.00, 1200.00
  52, 0.790, 0.000, 83758.6, 131.3,  23266.3, 3.6791,  394116.9, 3750.68, 2516.23, 3004.92, 3750.68,   131.3,   156.8,       5,  840.00,  966.00,  840.00,  756.00, 1171.00
  53, 0.790, 0.000, 83758.6, 131.3,  23266.3, 3.9461,  415272.5, 3750.68, 2516.23, 3004.92, 3750.68,   131.3,   156.8,       5,  840.00,  966.00,  840.00,  756.00,  990.00
  54, 0.472, 0.000, 83758.6, 131.3,  23266.3, 3.9981,  418467.6, 4410.70, 2656.33, 4009.78, 4410.70,   131.3,   198.2,       6,  850.00,  977.00,  850.00,  765.00, 1244.00
  55, 0.577, 0.000, 83758.6, 131.3,  23266.3, 3.4352,  354206.4, 4509.56, 2580.05, 3375.87, 4509.56,   131.3,   171.8,       5,  800.00,  920.00,  800.00,  720.00, 1200.00
  56, 0.888, 0.000, 83758.6, 130.4,  23228.7, 4.2041,  429970.8, 3726.59, 2781.04, 3071.09, 3726.59,   130.4,   144.0,       6,  780.00,  897.00,  780.00,  702.00, 1120.00
  57, 0.927, 0.000, 81536.9, 120.9,  22546.0, 5.3628,  505397.4, 4141.84, 2683.98, 3056.94, 4141.84,   120.9,   137.7,       7,  800.00,  920.00,  800.00,  720.00, 1200.00
  58, 0.910, 0.000, 83758.6, 130.2,  23216.0, 3.9589,  401947.3, 3793.18, 3063.61, 3230.67, 3793.18,   130.2,   137.3,       5,  800.00,  920.00,  800.00,  720.00, 1138.00
  59, 0.940, 0.000, 83758.6, 129.5,  23187.6, 3.9615,  400812.4, 3793.18, 3047.14, 3174.20, 3793.18,   129.5,   134.9,       5,  800.00,  920.00,  800.00,  720.00, 1138.00
  60, 0.489, 0.000, 83758.6, 131.3,  23266.3, 3.9365,  410957.8, 4036.55, 2376.53, 3781.09, 4036.55,   131.3,   208.9,       6,  850.00,  977.00,  850.00,  765.00, 1181.00
  61, 0.603, 0.000, 83758.6, 131.3,  23266.3, 3.3293,  346681.1, 4505.57, 2413.16, 3269.62, 4505.57,   131.3,   177.9,       5,  800.00,  920.00,  800.00,  720.00, 1200.00
  62, 0.546, 0.000, 83758.6, 131.3,  23266.3, 4.4114,  443521.5, 6076.67, 4166.94, 5579.19, 6076.67,   131.3,   175.8,       5,  750.00,  862.00,  750.00,  675.00, 1313.00
  63, 0.757, 0.000, 83758.6, 131.3,  23266.3, 3.9506,  412083.8, 3912.50, 2984.45, 3693.63, 3912.50,   131.3,   162.5,       5,  850.00,  977.00,  850.00,  765.00, 1181.00
  64, 0.515, 0.000, 83758.6, 131.3,  23266.3, 3.9268,  414992.7, 4225.31, 2616.55, 3668.74, 4225.31,   131.3,   184.1,       6,  850.00,  977.00,  850.00,  765.00, 1244.00
  65, 0.515, 0.000, 83758.6, 131.3,  23266.3, 3.9538,  415537.4, 4225.31, 2616.55, 3668.74, 4225.31,   131.3,   184.1,       6,  850.00,  977.00,  850.00,  765.00, 1244.00
  66, 1.023, 0.000, 83758.6, 124.8,  22980.7, 3.7721,  368413.9, 3619.59, 3026.40, 3484.72, 3619.59,   124.8,   143.7,       5,  800.00,  920.00,  800.00,  720.00, 1138.00
  67, 0.117, 0.000, 83758.6, 131.3,  23266.3, 3.7831,  399644.8, 6920.24, 2547.22, 6751.20, 6920.24,   131.3,   348.0,       6,  800.00,  920.00,  800.00,  720.00, 1488.00
  68, 0.162, 0.000, 83758.6, 131.3,  23266.3, 3.7798,  399611.0, 8583.76, 2955.56, 7029.87, 8583.76,   131.3,   312.3,       6,  850.00,  977.00,  850.00,  765.00, 1719.00
  69, 0.183, 0.000, 83758.6, 131.3,  23266.3, 3.9243,  413240.5, 7487.94, 2892.54, 6490.04, 7487.94,   131.3,   294.6,       6,  700.00,  805.00,  700.00,  630.00, 1463.00
  70, 0.248, 0.000, 83758.6, 131.3,  23266.3, 4.2285,  434233.0, 6938.31, 3019.90, 6009.90, 6938.31,   131.3,   261.3,       6,  640.00,  736.00,  640.00,  576.00, 1348.00
  71, 0.417, 0.000, 83758.6, 131.3,  23266.3, 3.7471,  374283.3, 7042.78, 3839.21, 6017.59, 7042.78,   131.3,   205.8,       5,  700.00,  805.00,  700.00,  630.00, 1413.00
  72, 0.539, 0.000, 83758.6, 131.3,  23266.3, 3.4480,  347302.3, 6592.06, 4332.90, 6019.20, 6592.06,   131.3,   182.4,       4,  750.00,  862.00,  750.00,  675.00, 1406.00
  73, 0.240, 0.000, 83758.6, 131.3,  23266.3, 4.3151,  441487.2, 8817.58, 4201.60, 8064.00, 8817.58,   131.3,   252.0,       6,  750.00,  862.00,  750.00,  675.00, 1656.00
  74, 0.791, 0.000, 83758.6, 131.3,  23266.3, 4.0199,  384978.7, 7142.77, 5777.20, 6380.00, 7142.77,   131.3,   145.0,       5,  800.00,  920.00,  800.00,  720.00, 1513.00
  75, 1.193, 0.000, 83496.9, 117.7,  22594.4, 4.2696,  387478.4, 5729.97, 7026.69, 6644.61, 7026.69,   117.7,   111.3,       5, 1000.00, 1150.00, 1000.00,  900.00, 1563.00
  76, 1.034, 0.000, 83758.6, 124.3,  22958.8, 4.2150,  390740.7, 6575.16, 7022.95, 7198.10, 7198.10,   124.3,   127.4,       5,  900.00, 1035.00,  900.00,  810.00, 1538.00
  77, 0.894, 0.000, 83758.6, 130.2,  23216.0, 3.9114,  382417.3, 4141.74, 4036.20, 4563.20, 4563.20,   130.2,   147.2,       5,  800.00,  920.00,  800.00,  720.00, 1200.00
  78, 0.582, 0.000, 41139.6,  64.4,  11427.7, 3.5753,  160395.6, 4132.90, 4894.40, 4894.40, 4894.40,    64.4,    64.4,       4, 1000.00, 1150.00, 1000.00,  900.00, 1375.00
  79, 1.320, 0.000, 41139.6,  58.1,  11167.9, 3.4462,  153441.4, 4023.04, 3776.50, 4036.50, 4036.50,    58.1,    62.1,       4, 1000.00, 1150.00, 1000.00,  900.00, 1325.00
  80, 0.778, 0.000, 81536.9, 123.1,  22649.1, 4.2212,  389148.1, 3315.00, 4431.60, 4410.00, 4431.60,   123.1,   122.5,       5,  900.00, 1035.00,  900.00,  810.00, 1188.00
  81, 0.928, 0.000, 81536.9, 120.9,  22546.0, 3.4577,  342154.1, 3301.85, 2659.80, 3234.00, 3301.85,   120.9,   147.0,       5,  900.00, 1035.00,  900.00,  810.00, 1188.00
  82, 0.884, 0.000, 83758.6, 131.3,  23266.3, 4.0116,  413163.3, 3950.00, 3190.59, 3846.69, 3950.00,   131.3,   158.3,       5,  800.00,  920.00,  800.00,  720.00, 1175.00
  83, 0.673, 0.000, 83758.6, 131.3,  23266.3, 3.0584,  311446.6, 6257.50, 5312.40, 6566.66, 6566.66,   131.3,   162.3,       3,  850.00,  977.00,  850.00,  765.00, 1494.00
  84, 0.367, 0.000, 83758.6, 131.3,  23266.3, 3.6573,  390191.3, 8360.01, 4684.78, 8135.04, 8360.01,   131.3,   228.0,       4,  800.00,  920.00,  800.00,  720.00, 1700.00
  85, 0.738, 0.000, 83758.6, 131.3,  23266.3, 3.9891,  414276.4, 4370.01, 3151.20, 3878.40, 4370.01,   131.3,   161.6,       5,  800.00,  920.00,  800.00,  720.00, 1225.00
  86, 0.472, 0.000, 83758.6, 131.3,  23266.3, 3.9705,  387693.7, 3952.51, 3912.74, 5027.26, 5027.26,   131.3,   168.7,       5,  750.00,  862.00,  750.00,  675.00, 1131.00
  87, 1.030, 0.000, 81536.9, 117.0,  22367.8, 3.5128,  341338.3, 3317.51, 2574.00, 2994.20, 3317.51,   117.0,   136.1,       5,  850.00,  977.00,  850.00,  765.00, 1144.00
  88, 1.062, 0.000, 81536.9, 115.8,  22310.6, 3.9288,  363547.2, 3739.99, 3242.40, 3724.00, 3739.99,   115.8,   133.0,       5,  800.00,  920.00,  800.00,  720.00, 1150.00
  89, 0.782, 0.000, 83758.6, 131.3,  23266.3, 4.0205,  389721.0, 3845.00, 4267.25, 4514.25, 4514.25,   131.3,   138.9,       5,  800.00,  920.00,  800.00,  720.00, 1163.00
  90, 0.835, 0.000, 83758.6, 131.3,  23266.3, 4.2850,  436292.5, 3719.86, 3479.45, 3702.05, 3719.86,   131.3,   139.7,       5,  830.00,  954.00,  830.00,  747.00, 1164.00
  91, 1.014, 0.000, 83758.6, 125.2,  22996.4, 4.1855,  420575.7, 3719.86, 3317.80, 3619.90, 3719.86,   125.2,   136.6,       5,  830.00,  954.00,  830.00,  747.00, 1164.00
  92, 0.452, 0.000, 83758.6, 131.3,  23266.3, 3.9769,  417064.0, 5674.55, 3164.33, 4839.28, 5674.55,   131.3,   200.8,       5,  700.00,  805.00,  700.00,  630.00, 1213.00
  93, 0.452, 0.000, 83758.6, 131.3,  23266.3, 4.0629,  424099.8, 5189.70, 3164.33, 4839.28, 5189.70,   131.3,   200.8,       5,  700.00,  805.00,  700.00,  630.00, 1163.00
  94, 0.424, 0.000, 83758.6, 131.3,  23266.3, 4.0411,  421309.4, 3800.67, 2113.93, 3479.21, 3800.67,   131.3,   216.1,       6,  700.00,  805.00,  700.00,  630.00,  975.00
  95, 0.475, 0.000, 83758.6, 131.3,  23266.3, 4.1900,  432871.6, 5830.11, 3676.40, 5639.20, 5830.11,   131.3,   201.4,       5,  700.00,  805.00,  700.00,  630.00, 1238.00
  96, 0.310, 0.000, 83758.6, 131.3,  23266.3, 4.1573,  430737.0, 5315.00, 3151.20, 5340.00, 5340.00,   131.3,   222.5,       6,  800.00,  920.00,  800.00,  720.00, 1338.00
  97, 0.798, 0.000, 81536.9, 123.1,  22649.1, 3.8128,  362190.3, 5112.99, 4049.99, 4856.04, 5112.99,   123.1,   147.6,       5,  850.00,  977.00,  850.00,  765.00, 1358.00
  98, 0.365, 0.000, 83758.6, 131.3,  23266.3, 4.1085,  426805.5, 5926.83, 2520.96, 4481.28, 5926.83,   131.3,   233.4,       6,  680.00,  782.00,  680.00,  612.00, 1115.00
  99, 1.198, 0.000, 83758.6, 118.8,  22714.3, 4.6855,  446349.3, 2897.44, 2459.16, 2533.68, 2897.44,   118.8,   122.4,       6,  600.00,  690.00,  600.00,  540.00,  875.00
 100, 1.198, 0.000, 83496.9, 118.8,  22641.6, 4.9724,  460592.5, 2897.44, 2946.24, 2958.64, 2958.64,   118.8,   119.3,       6,  600.00,  690.00,  600.00,  540.00,  875.00
 101, 1.198, 0.000, 83496.9, 118.8,  22641.6, 5.2028,  469540.1, 2897.44, 3682.80, 3354.20, 3682.80,   118.8,   108.2,       6,  600.00,  690.00,  600.00,  540.00,  875.00
 102, 0.508, 0.000, 83758.6, 131.3,  23266.3, 4.3607,  443223.7, 6987.71, 3911.43, 5776.28, 6987.71,   131.3,   193.9,       5,  650.00,  747.00,  650.00,  585.00, 1219.00
 103, 0.502, 0.000, 83758.6, 131.3,  23266.3, 3.6341,  389135.5, 4141.73, 2838.71, 4112.12, 4141.73,   131.3,   190.2,       5,  800.00,  920.00,  800.00,  720.00, 1200.00
 104, 0.782, 0.000, 83758.6, 131.3,  23266.3, 3.0436,  333296.4, 3698.10, 2100.80, 2521.60, 3698.10,   131.3,   157.6,       5,  850.00,  977.00,  850.00,  765.00,  994.00
 105, 0.502, 0.000, 83758.6, 131.3,  23266.3, 2.2843,  223841.5, 4141.73, 3019.90, 4275.70, 4275.70,   131.3,   185.9,       3,  800.00,  920.00,  800.00,  720.00, 1200.00
 106, 0.927, 0.000, 81536.9, 120.9,  22546.0, 4.4391,  424320.3, 4141.84, 2683.98, 3056.94, 4141.84,   120.9,   137.7,       6,  800.00,  920.00,  800.00,  720.00, 1200.00
 107, 0.790, 0.000, 83758.6, 131.3,  23266.3, 3.0616,  334692.3, 3750.68, 2515.71, 3004.29, 3750.68,   131.3,   156.8,       4,  840.00,  966.00,  840.00,  756.00,  990.00
 108, 0.927, 0.000, 81536.9, 120.9,  22546.0, 4.4564,  425887.8, 4141.84, 2683.98, 3056.94, 4141.84,   120.9,   137.7,       6,  800.00,  920.00,  800.00,  720.00, 1200.00
 109, 0.489, 0.000, 83758.6, 131.3,  23266.3, 3.0648,  330891.0, 4036.55, 2376.53, 3781.09, 4036.55,   131.3,   208.9,       5,  850.00,  977.00,  850.00,  765.00, 1181.00
 110, 0.846, 0.000, 83758.6, 131.3,  23266.3, 3.8151,  380066.5, 3619.58, 3610.75, 3968.25, 3968.25,   131.3,   144.3,       5,  800.00,  920.00,  800.00,  720.00, 1138.00
 111, 0.424, 0.000, 83758.6, 131.3,  23266.3, 3.1951,  342440.1, 3800.67, 2113.93, 3479.21, 3800.67,   131.3,   216.1,       5,  700.00,  805.00,  700.00,  630.00,  975.00
 112, 1.198, 0.000, 83758.6, 118.8,  22714.3, 3.8177,  367724.2, 2897.44, 2459.16, 2533.68, 2897.44,   118.8,   122.4,       5,  600.00,  690.00,  600.00,  540.00,  875.00
 113, 1.198, 0.000, 83496.9, 118.8,  22641.6, 4.0789,  381550.4, 2897.44, 2946.24, 2958.64, 2958.64,   118.8,   119.3,       5,  600.00,  690.00,  600.00,  540.00,  875.00
 114, 1.198, 0.000, 83496.9, 118.8,  22641.6, 4.2606,  389297.5, 2897.44, 3682.80, 3354.20, 3682.80,   118.8,   108.2,       5,  600.00,  690.00,  600.00,  540.00,  875.00
 115, 0.856, 0.000, 81536.9, 123.1,  22649.1, 4.8519,  451563.9, 5138.55, 4395.90, 5263.65, 5263.65,   123.1,   147.4,       6,  700.00,  805.00,  700.00,  630.00, 1238.00
 116, 1.165, 0.000, 83496.9, 118.8,  22644.5, 3.9820,  388991.6, 3667.50, 2952.18, 3302.57, 3667.50,   118.8,   132.9,       5,  800.00,  920.00,  800.00,  720.00, 1138.00
 117, 0.668, 0.000, 41139.6,  55.0,  11433.3, 3.8892,  185921.1, 3525.00, 2185.70, 3648.13, 3648.13,    55.0,    91.8,       5,  900.00, 1035.00,  900.00,  810.00, 1213.00
 118, 1.101, 0.000, 41139.6,  55.0,  11329.6, 3.2550,  151072.5, 3706.23, 3194.40, 3972.67, 3972.67,    55.0,    68.4,       4, 1200.00, 1380.00, 1200.00, 1080.00, 1500.00
 119, 0.984, 0.000, 81536.9,  80.0,  22445.0, 3.3967,  303866.4, 5462.36, 3440.00, 5559.90, 5559.90,    80.0,   129.3,       4,  900.00, 1035.00,  900.00,  810.00, 1413.00
 120, 1.282, 0.000, 83496.9, 100.0,  22554.5, 4.9109,  456206.6, 4408.33, 3363.00, 4028.87, 4408.33,   100.0,   119.8,       6,  750.00,  862.00,  750.00,  675.00, 1094.00
 121, 1.023, 0.000, 83758.6, 110.0,  22966.0, 3.7791,  368257.7, 3619.59, 2667.50, 3484.72, 3619.59,   110.0,   143.7,       5,  800.00,  920.00,  800.00,  720.00, 1138.00
 122, 1.023, 0.000, 83758.6, 131.3,  23266.3, 3.7773,  373651.6, 3619.59, 3184.03, 3484.72, 3619.59,   131.3,   143.7,       5,  800.00,  920.00,  800.00,  720.00, 1138.00
 123, 1.198, 0.000, 83758.6, 120.1,  22824.9, 4.2022,  421914.8, 5000.04, 2522.10, 2767.80, 5000.04,   120.1,   131.8,       6,  750.00,  862.00,  750.00,  675.00, 1125.00
 124, 0.370, 0.000, 83758.6, 131.3,  23266.3, 3.7548,  403268.7, 6685.48, 3222.10, 5173.03, 6685.48,   131.3,   210.8,       5,  800.00,  920.00,  800.00,  720.00, 1250.00
 125, 0.370, 0.000, 83758.6, 131.3,  23266.3, 3.7516,  402771.6, 6685.48, 3222.10, 5173.03, 6685.48,   131.3,   210.8,       5,  800.00,  920.00,  800.00,  720.00, 1250.00
