case,  veh, do_dsc, do_cap, do_cmp, calc_dsc, f_dsc, v_cap,    class,  n_min1, n_min12, n_min2d,  n_min2,  n_min3, n_min3a, n_min3d, n_min3as, n_min3ds, t_start, supp0, excl1, autom,   n_lim, asm_0, n_asm_s, n_asm_e, merge
   1,    1,      0,      0,      0,        0, 0.000,   0.0, class 3b,    0.00,    0.00,    0.00,    0.00, 1200.00,    0.00,    0.00,     0.00,     0.00,       0,     0,     0,     0,    0.00, 0.000,    0.00,    0.00,     0
   2,    2,      0,      0,      0,        0, 0.000,   0.0, class 3b,    0.00,    0.00,    0.00,    0.00, 1238.00,    0.00,    0.00,     0.00,     0.00,       0,     0,     0,     0,    0.00, 0.000,    0.00,    0.00,     0
   3,    3,      0,      0,      0,        0, 0.000,   0.0, class 3b,    0.00,    0.00,    0.00,    0.00, 1250.00,    0.00,    0.00,     0.00,     0.00,       0,     0,     0,     0,    0.00, 0.000,    0.00,    0.00,     0
   4,    4,      0,      0,      0,        0, 0.000,   0.0, class 3b,    0.00,    0.00,    0.00,    0.00, 1244.00,    0.00,    0.00,     0.00,     0.00,       0,     0,     0,     0,    0.00, 0.000,    0.00,    0.00,     0
   5,    5,      0,      0,      0,        0, 0.000,   0.0, class 3b,    0.00,    0.00,    0.00,    0.00, 1344.00,    0.00,    0.00,     0.00,     0.00,       0,     0,     0,     0,    0.00, 0.000,    0.00,    0.00,     0
   6,    6,      0,      0,      0,        0, 0.000,   0.0, class 3b,    0.00,    0.00,    0.00,    0.00, 1325.00,    0.00,    0.00,     0.00,     0.00,       0,     0,     0,     0,    0.00, 0.000,    0.00,    0.00,     0
   7,    7,      1,      0,      0,        0, 0.012,   0.0, class 3b,    0.00,    0.00,    0.00,    0.00, 1120.00,    0.00,    0.00,     0.00,     0.00,       0,     0,     0,     0,    0.00, 0.000,    0.00,    0.00,     0
   8,    8,      0,      0,      0,        0, 0.000,   0.0, class 3b,    0.00,    0.00,    0.00,    0.00,  950.00,    0.00,    0.00,     0.00,     0.00,       0,     0,     0,     0,    0.00, 0.000,    0.00,    0.00,     0
   9,    9,      0,      0,      0,        0, 0.000,   0.0, class 3b,    0.00,    0.00,    0.00,    0.00, 1556.00,    0.00,    0.00,     0.00,     0.00,       0,     0,     0,     0,    0.00, 0.000,    0.00,    0.00,     0
  10,   10,      0,      0,      0,        0, 0.000,   0.0, class 3b,    0.00,    0.00,    0.00,    0.00, 1406.00,    0.00,    0.00,     0.00,     0.00,       0,     0,     0,     0,    0.00, 0.000,    0.00,    0.00,     0
  11,   11,      0,      0,      0,        0, 0.000,   0.0, class 3b,    0.00,    0.00,    0.00,    0.00, 1094.00,    0.00,    0.00,     0.00,     0.00,       0,     0,     0,     0,    0.00, 0.000,    0.00,    0.00,     0
  12,   12,      0,      0,      0,        0, 0.000,   0.0, class 3b,    0.00,    0.00,    0.00,    0.00, 1375.00,    0.00,    0.00,     0.00,     0.00,       0,     0,     0,     0,    0.00, 0.000,    0.00,    0.00,     0
  13,   13,      0,      0,      0,        0, 0.000,   0.0, class 3b,    0.00,    0.00,    0.00,    0.00, 1344.00,    0.00,    0.00,     0.00,     0.00,       0,     0,     0,     0,    0.00, 0.000,    0.00,    0.00,     0
  14,   14,      0,      0,      0,        0, 0.000,   0.0, class 3b,    0.00,    0.00,    0.00,    0.00, 1363.00,    0.00,    0.00,     0.00,     0.00,       0,     0,     0,     0,    0.00, 0.000,    0.00,    0.00,     0
  15,   15,      0,      0,      0,        0, 0.000,   0.0, class 3b,    0.00,    0.00,    0.00,    0.00, 1375.00,    0.00,    0.00,     0.00,     0.00,       0,     0,     0,     0,    0.00, 0.000,    0.00,    0.00,     0
  16,   16,      0,      0,      0,        0, 0.000,   0.0, class 3b,    0.00,    0.00,    0.00,    0.00, 1344.00,    0.00,    0.00,     0.00,     0.00,       0,     0,     0,     0,    0.00, 0.000,    0.00,    0.00,     0
  17,   17,      0,      0,      0,        0, 0.000,   0.0, class 3b,    0.00,    0.00,    0.00,    0.00, 1125.00,    0.00,    0.00,     0.00,     0.00,       0,     0,     0,     0,    0.00, 0.000,    0.00,    0.00,     0
  18,   18,      0,      0,      0,        0, 0.000,   0.0, class 3b,    0.00,    0.00,    0.00,    0.00, 1125.00,    0.00,    0.00,     0.00,     0.00,       0,     0,     0,     0,    0.00, 0.000,    0.00,    0.00,     0
  19,   19,      1,      0,      0,        0, 0.075,   0.0,  class 2,    0.00,    0.00,    0.00,    0.00, 1125.00,    0.00,    0.00,     0.00,     0.00,       0,     0,     0,     0,    0.00, 0.000,    0.00,    0.00,     0
  20,   20,      1,      0,      0,        0, 0.091,   0.0,  class 2,    0.00,    0.00,    0.00,    0.00, 1125.00,    0.00,    0.00,     0.00,     0.00,       0,     0,     0,     0,    0.00, 0.000,    0.00,    0.00,     0
  21,   21,      0,      0,      0,        0, 0.000,   0.0, class 3b,    0.00,    0.00,    0.00,    0.00, 1094.00,    0.00,    0.00,     0.00,     0.00,       0,     0,     0,     0,    0.00, 0.000,    0.00,    0.00,     0
  22,   22,      0,      0,      0,        0, 0.000,   0.0, class 3b,    0.00,    0.00,    0.00,    0.00, 1094.00,    0.00,    0.00,     0.00,     0.00,       0,     0,     0,     0,    0.00, 0.000,    0.00,    0.00,     0
  23,   23,      0,      0,      0,        0, 0.000,   0.0, class 3b,    0.00,    0.00,    0.00,    0.00, 1200.00,    0.00,    0.00,     0.00,     0.00,       0,     0,     0,     0,    0.00, 0.000,    0.00,    0.00,     0
  24,   24,      1,      0,      0,        0, 0.070,   0.0,  class 2,    0.00,    0.00,    0.00,    0.00, 1413.00,    0.00,    0.00,     0.00,     0.00,       0,     0,     0,     0,    0.00, 0.000,    0.00,    0.00,     0
  25,   25,      1,      0,      0,        0, 0.036,   0.0,  class 2,    0.00,    0.00,    0.00,    0.00, 1200.00,    0.00,    0.00,     0.00,     0.00,       0,     0,     0,     0,    0.00, 0.000,    0.00,    0.00,     0
  26,   26,      1,      0,      0,        0, 0.080,   0.0,  class 1,    0.00,    0.00,    0.00,    0.00, 1500.00,    0.00,    0.00,     0.00,     0.00,       0,     0,     0,     0,    0.00, 0.000,    0.00,    0.00,     0
  27,   27,      0,      0,      0,        0, 0.000,   0.0,  class 1,    0.00,    0.00,    0.00,    0.00, 1213.00,    0.00,    0.00,     0.00,     0.00,       0,     0,     0,     0,    0.00, 0.000,    0.00,    0.00,     0
  28,   28,      0,      0,      0,        0, 0.000,   0.0,  class 1,    0.00,    0.00,    0.00,    0.00, 1106.00,    0.00,    0.00,     0.00,     0.00,       0,     0,     0,     0,    0.00, 0.000,    0.00,    0.00,     0
  29,   29,      0,      0,      0,        0, 0.000,   0.0, class 3b,    0.00,    0.00,    0.00,    0.00, 1113.00,    0.00,    0.00,     0.00,     0.00,       0,     0,     0,     0,    0.00, 0.000,    0.00,    0.00,     0
  30,   30,      0,      0,      0,        0, 0.000,   0.0, class 3b,    0.00,    0.00,    0.00,    0.00, 1850.00,    0.00,    0.00,     0.00,     0.00,       0,     0,     0,     0,    0.00, 0.000,    0.00,    0.00,     0
  31,   31,      0,      0,      0,        0, 0.000,   0.0, class 3b,    0.00,    0.00,    0.00,    0.00, 1494.00,    0.00,    0.00,     0.00,     0.00,       0,     0,     0,     0,    0.00, 0.000,    0.00,    0.00,     0
  32,   32,      0,      0,      0,        0, 0.000,   0.0, class 3b,    0.00,    0.00,    0.00,    0.00, 1450.00,    0.00,    0.00,     0.00,     0.00,       0,     0,     0,     0,    0.00, 0.000,    0.00,    0.00,     0
  33,   33,      1,      0,      0,        0, 0.176,   0.0, class 3a,    0.00,    0.00,    0.00,    0.00,  875.00,    0.00,    0.00,     0.00,     0.00,       0,     0,     0,     0,    0.00, 0.000,    0.00,    0.00,     0
  34,   34,      0,      0,      0,        0, 0.000,   0.0, class 3b,    0.00,    0.00,    0.00,    0.00, 1200.00,    0.00,    0.00,     0.00,     0.00,       0,     0,     0,     0,    0.00, 0.000,    0.00,    0.00,     0
  35,   35,      1,      0,      0,        0, 0.200,   0.0, class 3a,    0.00,    0.00,    0.00,    0.00, 1094.00,    0.00,    0.00,     0.00,     0.00,       0,     0,     0,     0,    0.00, 0.000,    0.00,    0.00,     0
  36,   36,      0,      0,      0,        0, 0.000,   0.0, class 3b,    0.00,    0.00,    0.00,    0.00, 1138.00,    0.00,    0.00,     0.00,     0.00,       0,     0,     0,     0,    0.00, 0.000,    0.00,    0.00,     0
  37,   37,      0,      0,      0,        0, 0.000,   0.0, class 3b,    0.00,    0.00,    0.00,    0.00, 1563.00,    0.00,    0.00,     0.00,     0.00,       0,     0,     0,     0,    0.00, 0.000,    0.00,    0.00,     0
  38,   38,      0,      0,      0,        0, 0.000,   0.0, class 3b,    0.00,    0.00,    0.00,    0.00,  950.00,    0.00,    0.00,     0.00,     0.00,       0,     0,     0,     0,    0.00, 0.000,    0.00,    0.00,     0
  39,   39,      0,      0,      0,        0, 0.000,   0.0, class 3b,    0.00,    0.00,    0.00,    0.00, 1200.00,    0.00,    0.00,     0.00,     0.00,       0,     0,     0,     0,    0.00, 0.000,    0.00,    0.00,     0
  40,   40,      0,      0,      0,        0, 0.000,   0.0, class 3b,    0.00,    0.00,    0.00,    0.00, 1363.00,    0.00,    0.00,     0.00,     0.00,       0,     0,     0,     0,    0.00, 0.000,    0.00,    0.00,     0
  41,   41,      0,      0,      0,        0, 0.000,   0.0,  class 1,    0.00,    0.00,    0.00,    0.00, 1238.00,    0.00,    0.00,     0.00,     0.00,       0,     0,     0,     0,    0.00, 0.000,    0.00,    0.00,     0
  42,   42,      0,      0,      0,        0, 0.000,   0.0, class 3b,    0.00,    0.00,    0.00,    0.00, 1200.00,    0.00,    0.00,     0.00,     0.00,       0,     0,     0,     0,    0.00, 0.000,    0.00,    0.00,     0
  43,   43,      1,      0,      0,        0, 0.205,   0.0, class 3a,    0.00,    0.00,    0.00,    0.00, 1094.00,    0.00,    0.00,     0.00,     0.00,       0,     0,     0,     0,    0.00, 0.000,    0.00,    0.00,     0
  44,   44,      1,      0,      0,        0, 0.205,   0.0, class 3a,    0.00,    0.00,    0.00,    0.00, 1094.00,    0.00,    0.00,     0.00,     0.00,       0,     0,     0,     0,    0.00, 0.000,    0.00,    0.00,     0
  45,   45,      0,      0,      0,        0, 0.000,   0.0, class 3b,    0.00,    0.00,    0.00,    0.00, 1200.00,    0.00,    0.00,     0.00,     0.00,       0,     0,     0,     0,    0.00, 0.000,    0.00,    0.00,     0
  46,   46,      0,      0,      0,        0, 0.000,   0.0, class 3b,    0.00,    0.00,    0.00,    0.00, 1181.00,    0.00,    0.00,     0.00,     0.00,       0,     0,     0,     0,    0.00, 0.000,    0.00,    0.00,     0
  47,   47,      0,      0,      0,        0, 0.000,   0.0, class 3b,    0.00,    0.00,    0.00,    0.00,  994.00,    0.00,    0.00,     0.00,     0.00,       0,     0,     0,     0,    0.00, 0.000,    0.00,    0.00,     0
  48,   48,      0,      0,      0,        0, 0.000,   0.0, class 3b,    0.00,    0.00,    0.00,    0.00, 1338.00,    0.00,    0.00,     0.00,     0.00,       0,     0,     0,     0,    0.00, 0.000,    0.00,    0.00,     0
  49,   49,      0,      0,      0,        0, 0.000,   0.0, class 3b,    0.00,    0.00,    0.00,    0.00, 1200.00,    0.00,    0.00,     0.00,     0.00,       0,     0,     0,     0,    0.00, 0.000,    0.00,    0.00,     0
  50,   50,      0,      0,      0,        0, 0.000,   0.0, class 3b,    0.00,    0.00,    0.00,    0.00, 1163.00,    0.00,    0.00,     0.00,     0.00,       0,     0,     0,     0,    0.00, 0.000,    0.00,    0.00,     0
  51,   51,      1,      0,      0,        0, 0.036,   0.0,  class 2,    0.00,    0.00,    0.00,    0.00, 1200.00,    0.00,    0.00,     0.00,     0.00,       0,     0,     0,     0,    0.00, 0.000,    0.00,    0.00,     0
  52,   52,      0,      0,      0,        0, 0.000,   0.0, class 3b,    0.00,    0.00,    0.00,    0.00, 1171.00,    0.00,    0.00,     0.00,     0.00,       0,     0,     0,     0,    0.00, 0.000,    0.00,    0.00,     0
  53,   53,      0,      0,      0,        0, 0.000,   0.0, class 3b,    0.00,    0.00,    0.00,    0.00,  990.00,    0.00,    0.00,     0.00,     0.00,       0,     0,     0,     0,    0.00, 0.000,    0.00,    0.00,     0
  54,   54,      0,      0,      0,        0, 0.000,   0.0, class 3b,    0.00,    0.00,    0.00,    0.00, 1244.00,    0.00,    0.00,     0.00,     0.00,       0,     0,     0,     0,    0.00, 0.000,    0.00,    0.00,     0
  55,   55,      0,      0,      0,        0, 0.000,   0.0, class 3b,    0.00,    0.00,    0.00,    0.00, 1200.00,    0.00,    0.00,     0.00,     0.00,       0,     0,     0,     0,    0.00, 0.000,    0.00,    0.00,     0
  56,   56,      1,      0,      0,        0, 0.012,   0.0, class 3b,    0.00,    0.00,    0.00,    0.00, 1120.00,    0.00,    0.00,     0.00,     0.00,       0,     0,     0,     0,    0.00, 0.000,    0.00,    0.00,     0
  57,   57,      1,      0,      0,        0, 0.036,   0.0,  class 2,    0.00,    0.00,    0.00,    0.00, 1200.00,    0.00,    0.00,     0.00,     0.00,       0,     0,     0,     0,    0.00, 0.000,    0.00,    0.00,     0
  58,   58,      1,      0,      0,        0, 0.016,   0.0, class 3b,    0.00,    0.00,    0.00,    0.00, 1138.00,    0.00,    0.00,     0.00,     0.00,       0,     0,     0,     0,    0.00, 0.000,    0.00,    0.00,     0
  59,   59,      1,      0,      0,        0, 0.025,   0.0, class 3b,    0.00,    0.00,    0.00,    0.00, 1138.00,    0.00,    0.00,     0.00,     0.00,       0,     0,     0,     0,    0.00, 0.000,    0.00,    0.00,     0
  60,   60,      0,      0,      0,        0, 0.000,   0.0, class 3b,    0.00,    0.00,    0.00,    0.00, 1181.00,    0.00,    0.00,     0.00,     0.00,       0,     0,     0,     0,    0.00, 0.000,    0.00,    0.00,     0
  61,   61,      0,      0,      0,        0, 0.000,   0.0, class 3b,    0.00,    0.00,    0.00,    0.00, 1200.00,    0.00,    0.00,     0.00,     0.00,       0,     0,     0,     0,    0.00, 0.000,    0.00,    0.00,     0
  62,   62,      0,      0,      0,        0, 0.000,   0.0, class 3b,    0.00,    0.00,    0.00,    0.00, 1313.00,    0.00,    0.00,     0.00,     0.00,       0,     0,     0,     0,    0.00, 0.000,    0.00,    0.00,     0
  63,   63,      0,      0,      0,        0, 0.000,   0.0, class 3b,    0.00,    0.00,    0.00,    0.00, 1181.00,    0.00,    0.00,     0.00,     0.00,       0,     0,     0,     0,    0.00, 0.000,    0.00,    0.00,     0
  64,   64,      0,      0,      0,        0, 0.000,   0.0, class 3b,    0.00,    0.00,    0.00,    0.00, 1244.00,    0.00,    0.00,     0.00,     0.00,       0,     0,     0,     0,    0.00, 0.000,    0.00,    0.00,     0
  65,   65,      0,      0,      0,        0, 0.000,   0.0, class 3b,    0.00,    0.00,    0.00,    0.00, 1244.00,    0.00,    0.00,     0.00,     0.00,       0,     0,     0,     0,    0.00, 0.000,    0.00,    0.00,     0
  66,   66,      1,      0,      0,        0, 0.091,   0.0, class 3b,    0.00,    0.00,    0.00,    0.00, 1138.00,    0.00,    0.00,     0.00,     0.00,       0,     0,     0,     0,    0.00, 0.000,    0.00,    0.00,     0
  67,   67,      0,      0,      0,        0, 0.000,   0.0, class 3b,    0.00,    0.00,    0.00,    0.00, 1488.00,    0.00,    0.00,     0.00,     0.00,       0,     0,     0,     0,    0.00, 0.000,    0.00,    0.00,     0
  68,   68,      0,      0,      0,        0, 0.000,   0.0, class 3b,    0.00,    0.00,    0.00,    0.00, 1719.00,    0.00,    0.00,     0.00,     0.00,       0,     0,     0,     0,    0.00, 0.000,    0.00,    0.00,     0
  69,   69,      0,      0,      0,        0, 0.000,   0.0, class 3b,    0.00,    0.00,    0.00,    0.00, 1463.00,    0.00,    0.00,     0.00,     0.00,       0,     0,     0,     0,    0.00, 0.000,    0.00,    0.00,     0
  70,   70,      0,      0,      0,        0, 0.000,   0.0, class 3b,    0.00,    0.00,    0.00,    0.00, 1348.00,    0.00,    0.00,     0.00,     0.00,       0,     0,     0,     0,    0.00, 0.000,    0.00,    0.00,     0
  71,   71,      0,      0,      0,        0, 0.000,   0.0, class 3b,    0.00,    0.00,    0.00,    0.00, 1413.00,    0.00,    0.00,     0.00,     0.00,       0,     0,     0,     0,    0.00, 0.000,    0.00,    0.00,     0
  72,   72,      0,      0,      0,        0, 0.000,   0.0, class 3b,    0.00,    0.00,    0.00,    0.00, 1406.00,    0.00,    0.00,     0.00,     0.00,       0,     0,     0,     0,    0.00, 0.000,    0.00,    0.00,     0
  73,   73,      0,      0,      0,        0, 0.000,   0.0, class 3b,    0.00,    0.00,    0.00,    0.00, 1656.00,    0.00,    0.00,     0.00,     0.00,       0,     0,     0,     0,    0.00, 0.000,    0.00,    0.00,     0
  74,   74,      0,      0,      0,        0, 0.000,   0.0, class 3b,    0.00,    0.00,    0.00,    0.00, 1513.00,    0.00,    0.00,     0.00,     0.00,       0,     0,     0,     0,    0.00, 0.000,    0.00,    0.00,     0
  75,   75,      1,      0,      0,        0, 0.191,   0.0, class 3a,    0.00,    0.00,    0.00,    0.00, 1563.00,    0.00,    0.00,     0.00,     0.00,       0,     0,     0,     0,    0.00, 0.000,    0.00,    0.00,     0
  76,   76,      1,      0,      0,        0, 0.098,   0.0, class 3b,    0.00,    0.00,    0.00,    0.00, 1538.00,    0.00,    0.00,     0.00,     0.00,       0,     0,     0,     0,    0.00, 0.000,    0.00,    0.00,     0
  77,   77,      1,      0,      0,        0, 0.016,   0.0, class 3b,    0.00,    0.00,    0.00,    0.00, 1200.00,    0.00,    0.00,     0.00,     0.00,       0,     0,     0,     0,    0.00, 0.000,    0.00,    0.00,     0
  78,   78,      0,      0,      0,        0, 0.000,   0.0,  class 1,    0.00,    0.00,    0.00,    0.00, 1375.00,    0.00,    0.00,     0.00,     0.00,       0,     0,     0,     0,    0.00, 0.000,    0.00,    0.00,     0
  79,   79,      1,      0,      0,        0, 0.225,   0.0,  class 1,    0.00,    0.00,    0.00,    0.00, 1325.00,    0.00,    0.00,     0.00,     0.00,       0,     0,     0,     0,    0.00, 0.000,    0.00,    0.00,     0
  80,   80,      0,      0,      0,        0, 0.000,   0.0,  class 2,    0.00,    0.00,    0.00,    0.00, 1188.00,    0.00,    0.00,     0.00,     0.00,       0,     0,     0,     0,    0.00, 0.000,    0.00,    0.00,     0
  81,   81,      1,      0,      0,        0, 0.036,   0.0,  class 2,    0.00,    0.00,    0.00,    0.00, 1188.00,    0.00,    0.00,     0.00,     0.00,       0,     0,     0,     0,    0.00, 0.000,    0.00,    0.00,     0
  82,   82,      1,      0,      0,        0, 0.010,   0.0, class 3b,    0.00,    0.00,    0.00,    0.00, 1175.00,    0.00,    0.00,     0.00,     0.00,       0,     0,     0,     0,    0.00, 0.000,    0.00,    0.00,     0
  83,   83,      0,      0,      0,        0, 0.000,   0.0, class 3b,    0.00,    0.00,    0.00,    0.00, 1494.00,    0.00,    0.00,     0.00,     0.00,       0,     0,     0,     0,    0.00, 0.000,    0.00,    0.00,     0
  84,   84,      0,      0,      0,        0, 0.000,   0.0, class 3b,    0.00,    0.00,    0.00,    0.00, 1700.00,    0.00,    0.00,     0.00,     0.00,       0,     0,     0,     0,    0.00, 0.000,    0.00,    0.00,     0
  85,   85,      0,      0,      0,        0, 0.000,   0.0, class 3b,    0.00,    0.00,    0.00,    0.00, 1225.00,    0.00,    0.00,     0.00,     0.00,       0,     0,     0,     0,    0.00, 0.000,    0.00,    0.00,     0
  86,   86,      0,      0,      0,        0, 0.000,   0.0, class 3b,    0.00,    0.00,    0.00,    0.00, 1131.00,    0.00,    0.00,     0.00,     0.00,       0,     0,     0,     0,    0.00, 0.000,    0.00,    0.00,     0
  87,   87,      1,      0,      0,        0, 0.098,   0.0,  class 2,    0.00,    0.00,    0.00,    0.00, 1144.00,    0.00,    0.00,     0.00,     0.00,       0,     0,     0,     0,    0.00, 0.000,    0.00,    0.00,     0
  88,   88,      1,      0,      0,        0, 0.118,   0.0,  class 2,    0.00,    0.00,    0.00,    0.00, 1150.00,    0.00,    0.00,     0.00,     0.00,       0,     0,     0,     0,    0.00, 0.000,    0.00,    0.00,     0
  89,   89,      0,      0,      0,        0, 0.000,   0.0, class 3b,    0.00,    0.00,    0.00,    0.00, 1163.00,    0.00,    0.00,     0.00,     0.00,       0,     0,     0,     0,    0.00, 0.000,    0.00,    0.00,     0
  90,   90,      0,      0,      0,        0, 0.000,   0.0, class 3b,    0.00,    0.00,    0.00,    0.00, 1164.00,    0.00,    0.00,     0.00,     0.00,       0,     0,     0,     0,    0.00, 0.000,    0.00,    0.00,     0
  91,   91,      1,      0,      0,        0, 0.086,   0.0, class 3b,    0.00,    0.00,    0.00,    0.00, 1164.00,    0.00,    0.00,     0.00,     0.00,       0,     0,     0,     0,    0.00, 0.000,    0.00,    0.00,     0
  92,   92,      0,      0,      0,        0, 0.000,   0.0, class 3b,    0.00,    0.00,    0.00,    0.00, 1213.00,    0.00,    0.00,     0.00,     0.00,       0,     0,     0,     0,    0.00, 0.000,    0.00,    0.00,     0
  93,   93,      0,      0,      0,        0, 0.000,   0.0, class 3b,    0.00,    0.00,    0.00,    0.00, 1163.00,    0.00,    0.00,     0.00,     0.00,       0,     0,     0,     0,    0.00, 0.000,    0.00,    0.00,     0
  94,   94,      0,      0,      0,        0, 0.000,   0.0, class 3b,    0.00,    0.00,    0.00,    0.00,  975.00,    0.00,    0.00,     0.00,     0.00,       0,     0,     0,     0,    0.00, 0.000,    0.00,    0.00,     0
  95,   95,      0,      0,      0,        0, 0.000,   0.0, class 3b,    0.00,    0.00,    0.00,    0.00, 1238.00,    0.00,    0.00,     0.00,     0.00,       0,     0,     0,     0,    0.00, 0.000,    0.00,    0.00,     0
  96,   96,      0,      0,      0,        0, 0.000,   0.0, class 3b,    0.00,    0.00,    0.00,    0.00, 1338.00,    0.00,    0.00,     0.00,     0.00,       0,     0,     0,     0,    0.00, 0.000,    0.00,    0.00,     0
  97,   97,      0,      0,      0,        0, 0.000,   0.0,  class 2,    0.00,    0.00,    0.00,    0.00, 1358.00,    0.00,    0.00,     0.00,     0.00,       0,     0,     0,     0,    0.00, 0.000,    0.00,    0.00,     0
  98,   98,      0,      0,      0,        0, 0.000,   0.0, class 3b,    0.00,    0.00,    0.00,    0.00, 1115.00,    0.00,    0.00,     0.00,     0.00,       0,     0,     0,     0,    0.00, 0.000,    0.00,    0.00,     0
  99,   99,      1,      0,      0,        0, 0.176,   0.0, class 3b,    0.00,    0.00,    0.00,    0.00,  875.00,    0.00,    0.00,     0.00,     0.00,       0,     0,     0,     0,    0.00, 0.000,    0.00,    0.00,     0
 100,  100,      1,      0,      0,        0, 0.176,   0.0, class 3a,    0.00,    0.00,    0.00,    0.00,  875.00,    0.00,    0.00,     0.00,     0.00,       0,     0,     0,     0,    0.00, 0.000,    0.00,    0.00,     0
 101,  101,      1,      0,      0,        0, 0.176,   0.0, class 3a,    0.00,    0.00,    0.00,    0.00,  875.00,    0.00,    0.00,     0.00,     0.00,       0,     0,     0,     0,    0.00, 0.000,    0.00,    0.00,     0
 102,  102,      0,      0,      0,        0, 0.000,   0.0, class 3b,    0.00,    0.00,    0.00,    0.00, 1219.00,    0.00,    0.00,     0.00,     0.00,       0,     0,     0,     0,    0.00, 0.000,    0.00,    0.00,     0
 103,  103,      0,      0,      0,        0, 0.000,   0.0, class 3b,    0.00,    0.00,    0.00,    0.00, 1200.00,    0.00,    0.00,     0.00,     0.00,       0,     0,     0,     0,    0.00, 0.000,    0.00,    0.00,     0
 104,  104,      0,      0,      0,        0, 0.000,   0.0, class 3b,    0.00,    0.00,    0.00,    0.00,  994.00,    0.00,    0.00,     0.00,     0.00,       0,     0,     0,     0,    0.00, 0.000,    0.00,    0.00,     0
 105,  105,      0,      0,      0,        0, 0.000,   0.0, class 3b,    0.00,    0.00,    0.00,    0.00, 1200.00,    0.00,    0.00,     0.00,     0.00,       0,     0,     0,     0,    0.00, 0.000,    0.00,    0.00,     0
 106,  106,      1,      0,      0,        0, 0.036,   0.0,  class 2,    0.00,    0.00,    0.00,    0.00, 1200.00,    0.00,    0.00,     0.00,     0.00,       0,     0,     0,     0,    0.00, 0.000,    0.00,    0.00,     0
 107,  107,      0,      0,      0,        0, 0.000,   0.0, class 3b,    0.00,    0.00,    0.00,    0.00,  990.00,    0.00,    0.00,     0.00,     0.00,       0,     0,     0,     0,    0.00, 0.000,    0.00,    0.00,     0
 108,  108,      1,      0,      0,        0, 0.036,   0.0,  class 2,    0.00,    0.00,    0.00,    0.00, 1200.00,    0.00,    0.00,     0.00,     0.00,       0,     0,     0,     0,    0.00, 0.000,    0.00,    0.00,     0
 109,  109,      0,      0,      0,        0, 0.000,   0.0, class 3b,    0.00,    0.00,    0.00,    0.00, 1181.00,    0.00,    0.00,     0.00,     0.00,       0,     0,     0,     0,    0.00, 0.000,    0.00,    0.00,     0
 110,  110,      0,      0,      0,        0, 0.000,   0.0, class 3b,    0.00,    0.00,    0.00,    0.00, 1138.00,    0.00,    0.00,     0.00,     0.00,       0,     0,     0,     0,    0.00, 0.000,    0.00,    0.00,     0
 111,  111,      0,      0,      0,        0, 0.000,   0.0, class 3b,    0.00,    0.00,    0.00,    0.00,  975.00,    0.00,    0.00,     0.00,     0.00,       0,     0,     0,     0,    0.00, 0.000,    0.00,    0.00,     0
 112,  112,      1,      0,      0,        0, 0.176,   0.0, class 3b,    0.00,    0.00,    0.00,    0.00,  875.00,    0.00,    0.00,     0.00,     0.00,       0,     0,     0,     0,    0.00, 0.000,    0.00,    0.00,     0
 113,  113,      1,      0,      0,        0, 0.176,   0.0, class 3a,    0.00,    0.00,    0.00,    0.00,  875.00,    0.00,    0.00,     0.00,     0.00,       0,     0,     0,     0,    0.00, 0.000,    0.00,    0.00,     0
 114,  114,      1,      0,      0,        0, 0.176,   0.0, class 3a,    0.00,    0.00,    0.00,    0.00,  875.00,    0.00,    0.00,     0.00,     0.00,       0,     0,     0,     0,    0.00, 0.000,    0.00,    0.00,     0
 115,  115,      0,      0,      0,        0, 0.000,   0.0,  class 2,    0.00,    0.00,    0.00,    0.00, 1238.00,    0.00,    0.00,     0.00,     0.00,       0,     0,     0,     0,    0.00, 0.000,    0.00,    0.00,     0
 116,  116,      1,      0,      0,        0, 0.175,   0.0, class 3a,    0.00,    0.00,    0.00,    0.00, 1138.00,    0.00,    0.00,     0.00,     0.00,       0,     0,     0,     0,    0.00, 0.000,    0.00,    0.00,     0
 117,   27,      0,      1,      1,        0, 0.000,  55.0,  class 1,    0.00,    0.00,    0.00,    0.00, 1213.00,    0.00,    0.00,     0.00,     0.00,       0,     0,     0,     0,    0.00, 0.000,    0.00,    0.00,     0
 118,   26,      1,      1,      1,        0, 0.080,  55.0,  class 1,    0.00,    0.00,    0.00,    0.00, 1500.00,    0.00,    0.00,     0.00,     0.00,       0,     0,     0,     0,    0.00, 0.000,    0.00,    0.00,     0
 119,   24,      1,      1,      1,        0, 0.070,  80.0,  class 2,    0.00,    0.00,    0.00,    0.00, 1413.00,    0.00,    0.00,     0.00,     0.00,       0,     0,     0,     0,    0.00, 0.000,    0.00,    0.00,     0
 120,   43,      1,      1,      1,        0, 0.205, 100.0, class 3a,    0.00,    0.00,    0.00,    0.00, 1094.00,    0.00,    0.00,     0.00,     0.00,       0,     0,     0,     0,    0.00, 0.000,    0.00,    0.00,     0
 121,   66,      1,      1,      1,        0, 0.091, 110.0, class 3b,    0.00,    0.00,    0.00,    0.00, 1138.00,    0.00,    0.00,     0.00,     0.00,       0,     0,     0,     0,    0.00, 0.000,    0.00,    0.00,     0
 122,   66,      0,      0,      0,        0, 0.091,   0.0, class 3b,    0.00,    0.00,    0.00,    0.00, 1138.00,    0.00,    0.00,     0.00,     0.00,       0,     1,     0,     0,    0.00, 0.000,    0.00,    0.00,     0
 123,   19,      1,      0,      0,        0, 0.194,   0.0, class 3b,    0.00,    0.00,    0.00,    0.00, 1125.00,    0.00,    0.00,     0.00,     0.00,       0,     0,     0,     0,    0.00, 0.000,    0.00,    0.00,     0
 124,    3,      0,      0,      0,        0, 0.000,   0.0, class 3b,    0.00,    0.00,    0.00,    0.00, 1250.00, 1350.00, 1300.00,  1450.00,  1450.00,     390,     0,     0,     0,    0.00, 0.000,    0.00,    0.00,     0
 125,    3,      0,      0,      0,        0, 0.000,   0.0, class 3b,    0.00,    0.00,    0.00,    0.00, 1250.00, 1350.00, 1350.00,  1400.00,     0.00,     390,     0,     0,     0,    0.00, 0.000,    0.00,    0.00,     0
